  0      7   30  200
  1     15   20  250
  2     22   50  300
  3     23   30  250
  4     29    5  250
  5     34   30  150
  6     37   40  150
  7     43   40  300
  8     52    5  300
  9     59   20  150
 10     64   25  250
 11     67   15  300
 12     68   15  100
 13     75   40  200
 14     76   45  200
 15     77   45  150
 16     78   60  300
 17     88   15  150
 18     95   50   50
 19     98   45  150
 20    105   40  250
 21    113   20  250
 22    115   60  250
 23    124   20  150
 24    127   15  300
 25    131   20  250
 26    133   25  250
 27    134   30   50
 28    140   15  200
 29    150   10  300
 30    153   50  300
 31    155   10  150
 32    160   25  300
 33    168   25  100
 34    177   20   50
 35    183   55  300
 36    191   45  100
 37    199   10   50
 38    202   50  100
 39    210   25  300
 40    217   10  300
 41    222    5  200
 42    227   35  150
 43    233   25  250
 44    234   40   50
 45    239   55  300
 46    247   10  250
 47    251   45  150
 48    255   35   50
 49    263   50  250
 50    269   45   50
 51    274   55  200
 52    276   40  300
 53    283   45  200
 54    293   60  100
 55    295   60  200
 56    304   40  300
 57    308   55  200
 58    317   10  300
 59    319   45  150
 60    325   10  250
 61    328   55   50
 62    331   25   50
 63    337   60   50
 64    341   55  100
 65    351   25  150
 66    360   60  200
 67    364   25   50
 68    372    5  300
 69    379   40  100
 70    387   25  300
 71    392   60   50
 72    398   55  100
 73    399   40  200
 74    408   55  250
 75    417   35  250
 76    423   60  200
 77    430   20   50
 78    431    5  150
 79    441   35  200
 80    450   35  250
 81    453   50   50
 82    460   25  200
 83    464    5  150
 84    467   15   50
 85    472   30  100
 86    480   20  150
 87    490   35  150
 88    497   25  100
 89    506   45  100
 90    514   15  100
 91    522    5  300
 92    532   30  200
 93    539   10  250
 94    548   20   50
 95    554   30  150
 96    560   40  200
 97    563   55  100
 98    566   10  200
 99    569    5  200
 